A0 = [2	-11
-3	2
1	3
-2	0];

C0 = [3
-5
4
-3];

A1 = [5 -2
-15 6];

C1 = [-8
-2
];

A2 = [-1 -2 3 -4 5 -6
-2 3 -4 5 -6 7
-3 -4 5 -6 7 -8
-4 5 -6 7 -8 9
-5 -6 7 -8 9 -10
-6 7 -8 9 -10 11
];

C2 = [-1
-2
-3
-4
-5
-6];

A3 = [1 -2 3 -4 5 -6
-2 3 -4 5 -6 7
3 -4 5 -6 7 -8
-4 5 -6 7 -8 9
5 -6 7 -8 9 -10
-6 7 -8 9 -10 11];

C3 = [-1
-2
-3
-4
-5
-6];

A4 = [1 -2 3 -4 5 -6
-2 3 -4 5 -6 7
3 -4 5 -6 7 -8
-4 5 -6 7 -8 9];

C4 = [-1
-2
-3
-4];

A5 = [-12 -2 3 -4
-2 3 -4 5
-3 -4 5 -6
-4 5 -6 7 
5 -6 7 -8
6 7 -8 9];

C5 = [-1
-2
3
4
5
-6];